<?xml version="1.0"?>
<opencv_storage>
<R1 type_id="opencv-matrix">
  <rows>3</rows>
  <cols>3</cols>
  <dt>d</dt>
  <data>
    9.9514954936458799e-01 1.4789935003484541e-02 9.7255499700789144e-02
    -1.4596059879329187e-02 9.9988981385780884e-01
    -2.7046588316294016e-03 -9.7284785220796643e-02
    1.2719929202541496e-03 9.9525577245176244e-01</data></R1>
<R2 type_id="opencv-matrix">
  <rows>3</rows>
  <cols>3</cols>
  <dt>d</dt>
  <data>
    9.9978639911583422e-01 2.0540191923766909e-02 2.2927404407407440e-03
    -2.0544715715397257e-02 9.9978699952203964e-01
    1.9672932904273802e-03 -2.2518435041753021e-03
    -2.0139767754053474e-03 9.9999543653877787e-01</data></R2>
<P1 type_id="opencv-matrix">
  <rows>3</rows>
  <cols>4</cols>
  <dt>d</dt>
  <data>
    4.2128118600735343e+02 0. 3.0896750640869141e+02 0. 0.
    4.2128118600735343e+02 2.6903594398498535e+02 0. 0. 0. 1. 0.</data></P1>
<P2 type_id="opencv-matrix">
  <rows>3</rows>
  <cols>4</cols>
  <dt>d</dt>
  <data>
    4.2128118600735343e+02 0. 3.0896750640869141e+02
    -1.4927809049561558e+03 0. 4.2128118600735343e+02
    2.6903594398498535e+02 0. 0. 0. 1. 0.</data></P2>
<Q type_id="opencv-matrix">
  <rows>4</rows>
  <cols>4</cols>
  <dt>d</dt>
  <data>
    1. 0. 0. -3.0896750640869141e+02 0. 1. 0. -2.6903594398498535e+02 0.
    0. 0. 4.2128118600735343e+02 0. 0. 2.8221233578796801e-01 0.</data></Q>
</opencv_storage>
